581624
491577
666950
507238
69271
460249
634628
351592
77167
138910
867115
965540
460296
634561
537552
802213
25183
199847
372977
642345
701712
979943
757498
23589
830406
749349
326634
421306
416222
579005
855963
560936
116379
909491
114845
473521
859277
112081
314932
516989
397961
811249
868001
358825
578464
715422
152105
944439
861708
666000
172720
896986
379815
502246
143559
574809
617699
799440
144687
952975
107743
230520
545960
580728
302978
776093
302428
21210
480534
574474
175595
207012
624491
426255
485783
783517
908563
375902
948167
475779
653653
146442
223906
235241
137989
997257
500085
704132
582531
556535
293672
142366
88033
251964
603205
303044
50899
840431
725097
145330
915196
158209
681798
543306
790809
292414
20374
633445
652471
92634
768288
845248
494798
826603
850388
178951
230856
545826
562011
562099
768996
90380
392664
313587
76797
725014
446987
529453
220872
852972
167062
135781
934175
913163
633397
98495
485920
310143
454580
416269
175006
693278
240273
173960
856459
769961
71985
880388
848502
932387
974760
641442
720927
6942
129053
12233
267473
783718
571954
76206
513508
366967
545766
166915
599682
2783
755906
530615
143957
999685
361472
302724
345408
820180
515345
432392
971666
70220
77103
919005
76410
739957
936302
429269
961448
174963
28723
603634
530594
823886
423434
533666
405682
351754
318468
76633
927024
594918
119317
321149
327158
197720
426089
756593
281734
495035
201720
399196
163150
6834
757803
66736
990489
367858
998975
71603
464445
575677
897041
733511
705163
336029
596910
739885
430719
115620
943853
940442
525116
592947
585510
574407
659247
186887
804450
462553
49584
989800
16845
780123
280843
214017
572580
326505
329484
377695
884892
963217
879984
554991
529054
644686
643562
37425
503716
803225
571763
342123
446630
192507
877059
768845
322028
26300
243309
771070
744520
20114
319889
332975
808252
629121
483658
774242
95457
566598
487380
27841
376269
54413
136226
318458
416705
811017
301105
298511
122038
61529
929976
386963
661112
437412
875829
179514
803058
817944
956170
113105
771382
590797
867512
305370
34720
824263
214480
411458
879523
914756
932410
793962
235614
505764
704855
643362
414249
776353
536804
997592
915641
720394
981135
541202
833250
147114
974894
66007
949178
3416
196886
69130
737047
404289
272120
411976
66344
629434
595672
623997
128477
58611
930039
990387
652779
243307
842891
312386
344146
51459
395791
675963
787213
156891
418900
284003
293774
396703
873305
786839
120872
43217
776251
495640
519922
489496
946290
339741
283615
262059
631909
861835
808200
892448
825064
248867
228142
29141
21063
876936
647279
561286
526806
231982
906216
509255
905286
610363
216584
228772
328839
547732
585657
17951
112437
731358
885406
861868
488793
635226
987623
424063
863453
692741
619475
694293
653967
405071
410781
648604
81894
826644
556284
745644
671005
950371
119170
515050
931578
389069
139035
984812
720744
374429
997615
707838
845218
622337
401092
950766
51696
135711
41927
219997
452106
941413
163891
933899
121948
947938
462928
223932
42975
274890
966429
887292
796395
699809
116830
299898
246311
561637
687805
13089
97881
413658
259573
496150
388981
359586
460804
233219
273781
438326
661735
847411
695578
570782
678023
168200
735760
384436
662761
814640
840864
828005
410219
725740
279870
897375
411854
562648
306530
928439
508863
824238
521763
7930
595895
350664
408185
296305
850210
803227
844642
20982
633724
908612
459110
427662
577122
534102
542874
545430
432532
104171
382029
813398
428789
363471
437104
348918
120099
74116
547075
658591
854040
88055
266941
822905
38663
467080
832769
82534
183059
464396
617943
619662
293492
977484
666311
312857
762188
600195
800638
556411
735380
271971
756806
348681
139167
558411
828160
483412
510146
900087
946752
66136
713276
249846
369445
607900
194690
624044
767949
956131
293713
252581
707957
898520
285701
442145
266189
186034
372716
737056
510071
228518
413314
420942
238021
841882
364398
945254
276412
527798
686137
191409
152680
944187
14062
86608
798092
790912
381267
693729
883530
291871
971438
143331
736263
569513
960284
290545
759882
339612
318692
765796
71146
167017
507976
868634
473506
83331
221817
286241
134371
521758
323085
470552
380810
40308
381294
913975
31194
456622
973663
17783
404811
271964
880457
871531
102934
221653
435354
181704
554770
464237
171068
205191
795686
217334
706046
344958
952514
715175
57657
921888
281746
865210
569772
729223
948929
729544
798268
955925
486555
332372
841169
608601
279610
766182
636323
430026
535467
155142
898954
870171
175030
734830
877128
737743
880720
836843
392625
217219
377406
667787
120053
753214
217666
146233
197308
31378
311063
184190
313630
288163
208259
657790
117752
337053
457930
15350
825737
795014
717310
523844
273824
324838
786892
162049
710699
122403
32090
656049
521796
579116
839315
226835
362237
208993
476527
815550
332698
369859
544769
13746
316721
810089
55832
316134
578149
821707
805529
14545
825831
431468
207888
224136
869112
116113
582077
59799
805708
916690
407463
162713
666639
154889
968771
329104
333623
381759
280140
769875
704538
13241
848429
969645
151841
166568
676715
735782
736694
530601
710199
252608
689352
741937
461533
475547
158659
112673
118836
16652
992248
45946
75971
590227
656733
830566
400619
823757
603248
633924
196787
613284
104962
198759
72529
647620
142844
438401
153923
115240
347085
750167
876277
42649
424171
301566
551770
168157
487272
353816
603976
274671
441811
982395
16344
180561
527013
246075
821293
445180
103422
231666
489173
552767
861316
90556
354791
26716
966491
361022
408996
353850
914423
451272
365838
306173
810790
536268
389969
349425
340374
913470
477519
627208
230993
352867
139450
369034
643152
358559
923687
751595
943231
41930
538705
353979
353875
669173
312091
709944
577226
519740
720104
492854
852948
957050
154026
904503
583174
282286
953750
344726
374723
354671
165650
864801
279051
854419
574814
757412
155050
140453
278303
667087
591980
293752
977332
387281
69015
157132
985812
161089
135812
266160
808891
122364
434167
276632
158201
585928
580389
43322
572318
882470
589753
533629
260178
229128
31348
196181
758755
575287
33363
604407
528530
46499
444131
551801
676251
12947
82341
432057
212089
573030
143919
454590
570262
689428
370264
782450
490175
650322
149936
290602
894758
69079
286717
278843
837860
965644
351542
977525
549274
433675
216026
207047
250411
126243
655982
255202
705773
482598
118147
451074
67299
34184
939049
82485
316329
35543
750447
694272
560772
821432
206332
649739
136929
598346
630107
312480
149334
725883
826666
709114
810332
102218
609581
983322
919872
178385
697603
38798
487886
721979
780137
846608
75126
568935
825781
689195
2928
620166
806354
975417
624408
326071
301932
150354
561597
509141
170796
958489
416816
412849
426657
349484
837830
903866
416092
954530
646247
175067
192257
480320
207888
542412
785185
151164
969358
832829
441662
588834
955257
153066
471194
579875
364465
18957
132882
745870
372894
407375
109322
83148
649601
866411
331473
905105
125458
540500
401338
615341
943555
675551
361749
907345
833106
813428
711682
726401
335573
33219
771201
847082
127038
139766
968485
655166
443201
812682
219160
625074
53197
856118
221678
707888
479331
297536
626233
201721
665831
333959
537201
346847
190359
157661
310379
32445
905789
183163
125749
993496
143508
664007
324307
892852
89833
537787
379554
598009
505233
332693
997888
917850
10110
226383
399138
246446
559990
440022
683202
129519
860157
201076
983725
779192
722039
968408
237381
359858
912008
117973
298330
719036
644958
77589
534687
566526
206097
76654
147554
308712
220132
337105
98628
983072
686708
474113
598206
317395
438651
48693
247228
772318
971136
469461
798601
569200
513105
92486
914519
571966
450671
903414
61436
314961
108363
840227
934207
629831
664493
759001
615531
70659
176553
66302
34615
471706
361438
269063
283043
280013
711884
541346
283031
833450
929182
827702
418112
152421
826689
529492
583060
137632
887702
90646
3186
644242
849546
666032
627451
522837
88970
628841
739037
640839
489258
262160
196944
167663
816157
364996
252966
300343
800480
934890
607706
844438
495189
340859
327804
999007
361775
179993
378407
225929
829214
180221
939576
520793
300519
107918
528610
660569
453764
788372
949465
234966
630581
343084
780007
417203
298963
33591
229660
47630
65317
709658
888661
816174
664999
283294
27433
904364
782535
959222
167190
717328
948592
113375
259518
937327
171744
976486
388272
192040
453164
759212
742745
466960
426474
349266
32484
231222
465746
589137
966685
898084
262291
125387
433205
966682
301848
554480
486073
920711
465068
882594
771911
872110
276504
305429
769057
775020
43349
821828
339074
326073
268169
793656
921231
63313
656980
807566
452525
812141
651607
632597
4229
480618
270864
54449
224179
865382
196386
375721
47028
805991
680877
172153
935661
473718
400470
211206
836927
206194
556654
905733
691704
481395
978407
49423
440324
520087
229949
100504
841667
841246
195232
603695
285143
233606
397008
10607
615890
783341
231922
958898
516073
508806
590801
352468
203155
358906
944419
188290
549153
315299
526321
441178
319789
752313
326071
989349
604352
914389
730471
82042
490427
759273
599741
133065
99187
904338
881866
281976
228386
7568
985434
53914
265798
878708
324046
389111
11997
112746
500995
163245
752459
661988
491603
14208
187164
798860
821
855915
554748
451795
655033
5169
198873
680297
844
423762
667885
970825
527406
463255
917869
789892
797973
757630
333662
248586
239500
661913
140048
960178
210465
487589
493862
160921
848702
450909
294469
56376
32285
905965
182060
100392
588987
33779
402934
646966
193507
943550
774240
21999
874757
145071
31245
249979
176146
889833
400
875435
622036
220501
446248
522718
620418
35197
797267
682687
381480
520773
840665
610876
550937
63866
682286
342146
669896
985888
614620
55112
162340
471926
975512
201971
767041
706278
64025
901074
184790
284880
558568
800988
316335
537749
542920
799515
678578
758391
361041
47544
457606
280634
389784
910741
766172
533464
897864
55853
982404
372483
597070
611089
864007
410563
639148
129301
465043
963704
609826
264365
679350
176153
828247
753160
378319
137784
612747
605199
791040
893916
197049
744266
608572
434636
609567
14624
671147
997940
780882
813636
522364
310922
499937
318388
685771
798090
195684
965654
389170
634969
442358
819776
175649
450854
329897
9193
264431
984420
949258
627485
900825
809292
346360
43771
830267
153085
255147
512625
593247
987720
327144
186438
690399
112776
595591
556816
134923
866455
466790
777181
793730
751633
232291
812098
39437
511554
266315
326780
660637
718861
863757
252856
409519
59438
721182
184071
405845
784035
357243
430151
756310
124162
451233
295277
927615
927680
994796
737453
54532
660968
397498
405976
293364
998941
937419
928047
469825
190460
822568
503713
477025
562202
866569
624633
489030
32445
91775
636771
354134
772079
832941
291241
373963
5814
204037
669210
183880
628365
763461
371561
406783
329888
660891
451545
77397
658644
90419
620943
551277
918301
398951
330212
120295
4573
855780
280130
243061
589602
115408
650783
358794
146229
296376
538697
435564
881157
594544
773582
250053
163433
337159
923407
646086
975881
668843
809326
211306
386987
932839
39818
807036
209571
847402
478680
372120
945121
226620
211507
432237
170624
820910
15018
947091
803463
965150
880741
962764
645681
335477
171578
586280
139797
196016
111740
737029
906652
88336
156025
333123
871398
684166
961680
324044
310856
642691
848714
894271
667955
326807
68758
393904
529334
100852
571409
817464
475801
475639
120212
961861
21074
46661
68854
52234
778467
427315
926112
201839
181388
512168
191230
67611
224664
417552
693584
403055
585215
753248
107804
898296
244091
907559
690577
495418
658391
263467
783116
698223
824259
821562
69818
694745
243959
581724
800042
892314
29581
229096
126385
93610
77749
858402
215101
169782
358244
964072
264698
166410
558952
415502
884125
652672
101418
861896
689640
597890
131538
851549
758374
923637
869020
897921
238615
952482
231560
121967
673305
323090
540515
697775
702656
160634
514979
511066
781337
85728
979402
642704
72123
326758
371261
475176
540720
289590
58660
72479
396742
635873
172578
938477
428163
130202
361360
759579
467340
991853
274966
856387
507101
883414
358094
140107
605192
539310
908888
410620
600219
402953
611314
321280
418269
17744
348512
386574
388669
696446
971025
339593
633572
758937
63027
694785
83363
287366
439057
265668
546249
207148
932949
350577
496357
963727
343458
899209
314350
64142
689073
742549
97506
5612
713311
373161
144155
612779
554717
641218
543812
240416
559765
294139
290216
381298
245688
636086
326246
887831
741591
707212
731841
128853
667719
60832
915631
338613
943476
614278
404125
315906
343394
578971
925724
428501
934700
534446
722622
122263
44015
587587
216594
966124
494492
350007
949851
784799
909185
745266
194468
845835
3381
526157
716226
514037
208347
446048
480389
853163
921903
426561
871445
798479
123206
11364
971022
852643
292433
699099
686409
475637
923117
51692
970222
507162
157176
93516
358917
516512
984551
872653
237350
581292
602178
98535
243239
647955
104645
485111
415902
480222
87766
146369
536288
90709
535196
151980
984222
568449
428109
567388
561044
179480
23465
392011
624034
925791
297832
726723
759533
978222
514743
650516
929003
294448
511516
524481
286567
432886
630076
944033
302343
985745
959137
973101
737858
867086
866975
694944
472914
416819
92283
792538
224060
112501
628460
409137
869216
215017
352985
810227
292810
870221
56649
651775
452049
147507
470470
846175
788843
805953
605109
770095
405660
423337
494489
950057
846875
799055
17781
109561
321379
415546
306269
69428
816352
588418
876545
942968
288373
376733
660877
717293
445242
757513
283983
723399
339818
801495
81525
271922
739069
617045
829691
117479
311773
523741
174622
930972
185790
238606
527231
901984
402050
947649
576653
250775
563371
804433
510414
811519
564073
316892
334813
303371
10648
540236
266149
541578
863708
783342
931701
306072
27132
765016
565936
229506
282993
64662
179397
386780
402253
304525
455499
523
830488
754916
828531
652577
527370
499892
581414
423744
406796
823432
642744
568559
746019
77816
735636
857139
643455
304890
244943
626573
172862
70859
987267
487321
413331
26796
205391
329542
182003
569607
769373
329648
341322
882738
185498
104392
46131
162241
165363
275523
945842
895370
822002
652283
647240
379770
405956
247428
665981
146953
956188
44292
758888
740634
213413
462105
792897
448962
41779
736585
869481
410784
5239
819375
451093
218792
252554
308241
174045
689060
734655
277608
730971
642107
176353
32767
270307
479598
339006
121721
8583
60412
861752
517386
742886
535514
583746
953430
435902
438422
589670
652975
288756
357864
920801
759376
31113
442228
708966
704610
464022
149826
685176
384241
513192
790392
750491
910144
780349
819997
201326
564777
820997
426494
598526
470817
664235
569263
107550
218271
924205
232830
133611
501946
969274
486961
797722
962872
696982
747114
913949
321224
301369
186988
60686
812279
81888
865691
782883
437852
581806
78495
883045
939904
100504
77371
340741
369947
231243
414519
606367
154712
289925
559991
183560
792755
94218
115227
905787
200658
822759
229689
78337
758889
564684
535357
423127
706186
19793
971526
778608
607563
126716
841448
28547
422782
821499
458085
758465
306909
652928
109073
202069
873215
448045
793952
815658
378669
690687
240181
763786
776789
275733
444422
587303
813367
854723
609685
640096
86012
56696
405324
762607
72117
234394
439280
65305
687887
252784
378032
497758
311840
68666
306845
643045
363209
332374
485135
781194
510820
824006
362562
221541
945488
66397
780261
844545
600661
131686
574211
519113
571385
122018
254835
906597
909502
962512
601401
482624
583595
174493
214605
346456
793001
989316
219457
789145
63550
932736
843216
288551
610006
506409
193469
56947
622191
800216
664970
275216
704549
547293
807439
815825
642775
10361
793497
799038
374770
474534
520500
877023
573872
837142
142306
207169
466545
231674
980918
815202
739866
832751
807733
308902
992265
54878
405334
64707
486445
636450
424983
557996
245097
336014
122148
108410
389695
396319
773133
404979
897657
712536
278206
449898
679709
830356
930955
26339
720683
530661
602951
951742
734091
78589
824894
905761
49293
302675
140868
10207
833367
685945
648135
402974
98275
988610
955582
118540
310805
532570
986741
92667
471649
840074
347410
421254
118044
539478
341825
573220
440319
47081
695247
399193
33380
236592
394204
585453
64543
807116
147720
342336
286030
535069
624701
396818
249040
452324
658064
808856
906361
747973
830912
574266
73060
18151
406201
997420
812898
179750
469592
178555
915462
374354
540292
933881
162199
598252
536062
91304
953300
378778
293457
832562
959688
200594
238042
437492
243510
451510
119191
799278
263471
318199
120745
962989
713928
23146
207700
341181
707600
914428
135616
827369
805388
5399
814810
750193
332504
100203
75188
245055
632194
55302
57180
816533
809895
586916
659396
317060
288111
845046
133546
868463
157709
841023
929202
386502
37079
72363
871209
560148
447656
35606
784708
671177
72182
544871
207669
891653
758837
525853
70023
259952
361681
594385
788494
576040
334904
990853
764108
790170
807884
789021
733869
522220
634124
659153
311133
691323
587688
211895
184605
570617
152383
968864
633944
638107
902046
550938
281335
623126
904865
546737
144947
233396
481173
947214
622462
203245
155303
809487
272106
525337
385048
540448
784321
99304
967682
670657
269908
604915
529074
827768
157354
553343
717164
316739
676914
28853
240938
709689
112074
803566
836574
726850
869705
372512
186042
807785
643474
123045
114803
797394
585903
970104
442654
978565
951374
445151
23041
465963
220133
578176
918599
822049
492635
401490
473166
132281
472354
649549
569274
929574
264070
991045
384778
935640
630991
408141
477662
498054
110297
214446
949373
934044
818224
847006
768538
229843
637414
848689
20926
432822
348064
419892
211586
887897
830296
49846
605159
985001
905582
824053
820081
716365
31960
394893
755296
864546
690587
846090
87763
482147
315394
930429
978631
699365
803706
888092
529735
450254
217621
8999
244651
935720
741229
477246
109474
440152
575722
595538
941801
968181
430162
610760
376344
991675
470316
325730
655036
865915
76342
111517
904988
938391
285891
978249
639588
888981
853318
373402
341424
951971
775334
339748
395948
472644
684451
551680
481431
637504
971812
990032
115735
909230
84352
741944
874576
267963
28594
517878
952434
96614
661196
891450
704434
393520
233911
751118
670155
252789
787169
985721
438109
141906
850999
324076
801987
488614
115572
913593
333252
466995
13554
24624
396385
727415
331122
179636
404089
37757
131336
556325
466758
660884
910374
37077
853710
8449
860930
738163
832906
591764
735974
767243
969206
102878
489665
426539
823376
589419
686396
292857
201875
412739
691828
422640
831292
538879
711548
189682
37785
848145
973971
196922
887337
17769
712648
42580
963789
828582
324110
192804
250397
879820
838841
24150
466363
119245
962002
25482
878421
556181
555024
611434
469205
558504
908769
160588
474191
423794
414031
525855
704392
193335
853162
959535
694958
935454
426608
383162
558493
144777
624706
602731
383818
263712
408839
395811
881221
743082
923739
63515
231253
807119
807845
236237
64051
459353
99644
489238
145444
961626
833523
647216
399632
539856
873856
982016
209515
739557
693691
773464
649187
878258
319849
235484
240516
151602
701640
802198
438650
553806
526657
100211
676357
26598
516912
24309
374922
529196
590834
907259
776527
537230
906549
282827
909018
61714
30228
630562
963157
422826
648786
836382
248564
229304
100346
742336
372680
274745
63173
414832
953398
648494
236422
702036
135334
167510
800224
568585
518609
88158
848480
749969
452846
182964
137811
178483
360741
2982
933004
829292
427969
452811
126845
51215
699757
256763
577687
668856
730457
274519
11168
130205
817311
654308
442500
54003
199981
435856
704193
52911
570137
64533
254631
23034
1753
868519
945845
399150
973570
638885
570501
204915
622105
236551
925427
995787
879115
138672
605318
350512
575235
747201
719397
528399
322535
732326
454958
571928
574671
405257
452277
488334
586356
210235
165871
912906
309290
120311
208554
481975
655261
75642
226949
672938
73006
139066
274779
761792
845599
123681
581578
883041
739902
339590
767903
297833
903938
343811
878012
923716
300899
192305
729622
956587
995388
844632
270050
716751
367284
618479
810116
544152
686507
243538
140098
688461
180238
722448
721522
917865
444583
592076
155431
961855
871997
770299
522661
748467
756760
372034
698799
202201
533895
741948
197534
184425
772804
116764
872571
65031
879734
686557
862446
522634
839652
108239
636186
110090
603232
212761
311642
90193
306075
108884
647825
396887
396519
204022
722265
192119
833704
651984
592088
587961
409065
995477
222650
954509
637454
137017
562212
872874
103190
856781
74222
214985
277998
781695
472504
524054
582695
471426
885297
39024
890075
596973
223969
767185
332043
90125
579117
366486
238127
954714
394599
915649
145830
24253
317566
412534
976489
414117
349272
921221
842321
873997
57300
881586
8946
345010
273915
292892
40406
797405
953164
14504
19562
355859
393277
969966
878570
469471
610563
310272
409705
329385
980546
846028
648201
833037
982144
468249
901020
664309
265037
120527
896581
823463
242351
263329
582783
396661
192868
527471
200183
25909
475379
995771
237421
945458
860568
328111
101591
400194
780678
710974
899545
474700
790091
900412
652168
812263
569254
501668
503037
887751
381785
216496
992669
108703
363325
555174
52671
909308
636429
933802
869149
523422
799678
335866
660646
898747
971650
568056
848146
780166
629385
887250
107060
680465
823189
743577
626629
803662
232785
341055
775366
65260
31887
344956
680632
606111
247352
946812
348514
678071
149996
701388
251707
383274
444442
989983
884416
57960
464286
480050
85781
159697
652982
773987
734488
925490
194042
911702
209810
270355
480902
84010
575840
363253
500388
211522
479553
783618
293181
839475
570079
893094
672371
52213
729482
336457
953017
629572
462038
902871
749685
945189
406089
761540
397363
575782
852843
793842
327133
275113
586417
36541
169629
490150
979555
706874
51812
489830
947413
890699
556906
304583
123
543850
210115
83385
438129
890811
263283
647950
135013
408159
556288
456787
928527
326867
100761
148030
743615
429264
833647
166560
751649
268309
466777
80824
87697
127584
589628
950714
843528
309937
655439
985467
189489
20728
159606
136884
504312
990271
856048
461435
991059
357602
974432
371309
181145
950205
8591
5900
132740
199624
676846
482054
446416
701180
140206
616231
527668
429226
731955
615686
963250
457180
22460
336895
963587
315872
73139
600965
101703
897315
7564
764942
756558
98457
68919
62409
892650
615181
371311
295391
95400
837708
198216
647741
516143
720181
684789
545812
159553
260276
404097
589938
991734
492008
19517
311289
187939
982635
782692
210027
745252
716761
153166
259734
887474
395351
128821
954479
306223
17847
380742
571261
339235
544042
913917
138418
938982
932318
344486
460729
767109
167358
77217
549839
524810
346891
180403
950344
203051
341122
603655
875697
139527
431613
48167
985281
893036
10448
276148
295613
309122
751734
714597
111961
366160
883502
157081
362173
348186
850345
22358
541404
959971
809782
11777
376807
708308
845701
913408
16057
164164
658935
370879
598661
792878
524584
165535
373181
524771
942640
415201
317257
103057
251555
319463
631108
76810
229700
492709
867898
961590
174857
734172
845560
685514
133641
822722
648443
974251
628992
95024
434212
409041
364537
302225
479602
72680
244668
929906
904604
489371
10602
415286
757421
802315
490436
101721
727061
323386
476892
651619
394356
558386
661847
828736
712267
793734
351446
622695
55279
748595
35547
137942
35029
732223
742337
78504
191002
742850
924216
717421
303182
864582
226291
243276
414075
479068
867698
715450
136024
896095
115623
413673
833072
812610
216149
87580
929741
49667
42485
383700
884382
301538
861508
513815
424033
610623
120890
771302
346005
657819
45941
456488
391920
152191
608444
7499
21282
512409
204372
580005
932621
861131
111715
743366
836086
27988
438049
96284
990617
347276
981406
6236
788569
953110
722593
661973
853339
462522
125220
564960
825626
321921
197778
37142
191841
890160
638007
120043
378160
300514
665402
975118
264061
216757
33302
516458
569706
893136
90522
388354
804264
378915
491813
685808
428270
883302
642799
806415
641542
801334
827537
946374
815891
943791
636606
982558
627279
110473
866863
510642
873017
515415
710956
980558
271696
914173
753952
781300
558794
858081
506294
902240
458991
411651
309336
829311
225034
900203
687927
980409
907445
925622
910429
886020
566241
178066
438336
986186
935101
548245
663612
439725
746200
429272
990439
157304
538553
922884
317484
872817
502751
62575
45905
974393
430294
187675
738967
176033
170194
75910
663421
837868
850126
18693
193099
497645
209917
963217
679022
728213
126815
791284
108261
13380
322643
256009
914152
451401
501880
330810
660915
823808
265856
631494
103354
577960
902651
580861
513846
393741
733084
683582
480152
423050
35200
47519
964
83511
27678
535816
376951
102798
944565
47756
618632
486264
717614
781154
610453
275038
898540
105730
386930
97477
13741
342691
475838
701459
356820
272744
242220
791398
436704
989588
341032
948842
161822
738163
35687
851094
833237
954880
599448
135145
615207
939310
919498
455838
794340
51162
972766
649546
266112
433231
758240
815559
561682
251999
17418
908436
116760
627426
986221
175953
676965
50855
836669
140580
853187
893943
983844
192550
342572
183936
804560
314620
502425
520843
231627
306530
650950
619483
853711
78517
241802
247439
937628
846620
377700
371995
475063
356778
483572
759834
657158
698783
655756
287300
895800
499245
21215
194960
708460
416884
178695
998321
185614
975225
588944
737800
649189
334012
509883
498160
468766
571431
988537
999347
739413
590865
407989
689766
322656
180702
791014
840800
864023
268517
429527
614400
256678
295654
616041
421138
901572
718242
442064
100978
974769
250983
813561
58526
988329
911172
45040
819461
265298
931703
357065
942531
822328
292583
338728
50597
881051
960753
543340
776097
176615
530935
214936
192034
300733
783774
148224
472897
530609
240323
533292
64855
833536
345254
155358
521372
659968
47601
58264
321251
222292
410746
345750
31026
992157
601058
966820
152391
442217
248659
128482
955472
22102
39708
443666
386164
335675
428950
711829
432920
136098
278608
462899
259829
385497
954868
825095
925717
152863
393445
497445
774780
325973
868715
618873
442276
236239
864369
902475
886203
561411
403799
959820
710388
694332
214569
241785
7927
406455
838758
683015
555314
538370
901807
527322
122066
35482
983271
632955
901551
112477
263903
2862
355584
49387
453434
261840
215425
244707
397090
366040
83180
59162
262372
59753
346648
452723
516335
508233
754939
631500
416749
85088
315202
401885
324078
554659
154501
836051
245372
798286
197433
443507
725271
316013
884901
591269
403102
932004
788519
731045
125580
314907
241929
179908
521412
237825
526579
84758
879238
707092
504258
180954
328824
386008
690492
636774
730789
159711
455184
784951
5857
384173
105126
423029
444243
303177
251491
850201
876565
498110
32471
445559
343150
536080
419463
808202
43798
685388
775412
993979
231699
881956
224220
973913
313260
539891
784242
723429
75565
781302
114879
888538
300848
396650
221069
202475
63922
847492
400731
552362
852676
648371
675507
53140
721311
575039
260394
804508
313235
607531
856366
485891
618790
824077
15
220146
690088
141865
108645
731325
398104
970129
13331
685912
666956
799687
812163
213362
441805
97241
702058
594289
691950
943221
344788
647527
504614
644154
250071
532833
420941
26811
133206
277171
334669
339631
560696
100634
883906
457728
8732
234558
75019
401477
911570
314321
762016
351603
361582
728438
36359
509274
472844
955568
760463
140477
215234
190712
25068
983876
983450
251127
965158
909122
69918
241445
256084
903509
257777
673879
506874
425003
743037
464453
550522
762378
166149
933364
105402
685210
216660
320432
854971
116125
236871
360982
195514
846148
6996
764713
597385
331224
438556
869869
390020
305663
347367
79304
206616
714158
289977
316707
810489
558443
432882
460800
427329
624339
973917
781419
408940
345709
974512
153128
991612
559897
798009
770533
817564
751188
737698
710508
675905
409525
98288
723610
645625
243919
501897
452829
414654
679912
772418
749633
928414
77485
898076
621431
847194
624165
47736
252439
798335
296508
207594
518736
381672
956260
879936
834371
550596
670076
394336
260424
58051
853936
211587
575215
816081
171492
927016
905677
676628
987733
414639
41551
284748
298118
150858
654051
610844
788559
895689
555801
561061
511255
843460
646852
727690
840079
974549
599616
611477
282586
304547
667147
826493
618794
696092
447315
95454
63013
276431
115960
520853
229502
38402
357014
631007
402829
327318
898535
277989
229144
782360
817149
476361
244171
272618
750959
218065
545885
287755
908792
587772
502057
978669
394290
269943
671565
666173
425252
602571
737006
796688
85213
933828
234675
676224
219185
728935
652946
652741
129656
804646
816170
485410
456999
13474
129893
967408
823276
73698
524767
274712
416672
260282
136645
42122
87434
536004
899014
129790
554127
345556
319918
659263
413591
879790
307782
614849
568341
878971
521666
726060
322007
98546
242958
679231
759949
488325
75255
895008
638325
507772
412331
772811
351568
38735
647126
935195
844666
630275
372825
223727
375875
615002
145396
251973
778082
660101
371153
188223
11110
605033
661862
328573
499355
699115
128808
564293
228780
349208
669514
497559
732976
413473
832772
742682
255446
873738
410666
795560
253782
384621
165224
845819
290007
636598
301346
328106
207695
803002
699870
669440
484884
632470
682852
139975
709180
612606
407966
798860
371027
42956
535308
785233
812344
127520
175188
178550
293413
995586
114896
986043
449369
715938
425034
795519
407493
983324
168403
611991
209898
518982
761428
731251
348497
993690
873582
539606
828285
695278
920220
835453
170014
799997
634408
30844
678098
528371
727645
28800
642168
302392
947561
481746
22015
443656
395646
437121
207172
900739
519218
968444
908106
996785
688987
271934
378906
88665
63830
601635
640632
611748
476363
790514
832560
92473
722877
159323
717517
999934
2011
253712
934435
568776
917510
522711
761107
90497
303296
292632
201866
838110
790634
952943
164628
646886
654901
495731
274689
848962
123508
563507
192198
234509
210627
738439
400774
868880
64804
636656
609860
200017
313999
529523
334164
973785
291241
93585
775344
52620
439149
105757
755829
372738
806329
534202
780949
810086
212983
903557
987364
182371
575652
661212
221169
479548
635309
898720
736506
922363
740522
176716
847773
454860
578056
662370
282890
280889
433396
998281
605271
165283
572158
194899
257142
290558
94540
357078
225792
874083
14700
285063
620506
922130
891008
730735
148955
4128
860929
109004
863676
554858
646841
17228
415510
497506
167193
207707
372386
725609
615073
591605
816670
374056
800000
284889
709105
395627
408878
789937
668208
729389
651010
933702
446525
329853
949927
988457
300492
249574
997835
797443
600368
571348
515671
109429
630202
803617
982895
443408
488131
768608
68888
66171
595645
198881
513410
328025
423129
132868
629596
938242
721054
346276
559266
345791
802067
293026
469466
720637
58704
55028
937714
232225
562727
339491
384835
451995
617271
166729
631826
395116
493178
165228
803837
517787
784868
165147
371233
399120
991051
745910
327626
21044
82863
905290
914204
834659
27212
906143
459068
455554
371818
552243
201930
388710
787105
899294
806636
268141
786316
957057
810798
468978
394508
65015
118090
940849
523988
579292
213869
785604
794008
485608
525954
119888
589132
19340
636609
885311
287269
440937
972437
944624
515270
855799
44176
15303
188504
847237
220934
789994
988601
365366
850646
601460
163958
443777
23515
840018
362328
805186
316111
299219
963039
528791
486800
312494
993039
832152
230171
824795
334177
170798
408541
866267
420513
456950
521105
910060
404669
317968
14699
285417
808217
957016
355498
730592
513764
551476
666060
920820
889767
941388
961892
807746
753887
341699
685440
778711
157441
865400
731955
828182
36827
590495
447473
943955
195256
376929
551319
9700
193227
357562
162843
427854
621859
80717
528767
164008
940146
730078
9630
937595
523476
56538
235278
497848
433834
223002
434932
825372
90994
479417
96602
231018
737217
466495
709227
550793
697209
93721
879785
227933
830535
540414
209730
641506
332583
695786
839917
21332
979619
490083
686403
582116
675616
739815
307740
511017
701223
911689
741048
671155
669964
818364
905066
704797
212904
162244
814254
839848
290385
960044
202890
639821
101016
109457
717871
617722
289513
828940
747282
898289
140356
905530
646911
112618
917552
799265
178951
9385
540233
211604
300974
686014
400687
426342
630489
918262
870590
26770
914928
502721
962379
302635
872666
908022
676227
639528
406736
608448
783174
360068
302033
772214
3960
329779
136554
860719
706448
247120
299715
783680
876036
396156
747229
199708
163784
587039
475717
285164
993275
538732
216913
247826
996075
150972
252496
297885
789910
856039
438103
593690
766243
144116
791322
358030
609772
76868
948089
244243
395924
860286
511126
849860
849879
664160
574043
667924
381540
506226
7422
468892
751925
269815
371329
150092
423861
256989
976194
760485
713780
796962
827969
335015
40331
790966
657362
353218
435976
567658
387451
473786
273327
9769
998527
289476
281565
432147
781088
958997
4045
770069
355052
75192
338134
703049
65522
68299
425894
962379
419888
411357
186911
531241
949321
214093
501873
196080
128965
907824
47018
757426
274875
762604
443054
560914
203008
737337
45117
619711
790030
707790
804888
56059
699473
31848
427622
351290
515757
174936
607658
947934
836470
344775
498386
945913
557910
607237
305065
92519
601074
327168
895431
201878
643908
751412
982857
778201
919227
379582
550173
501316
701889
939325
884629
85197
330282
242932
341289
75068
502423
894832
134779
425492
654414
128788
18216
405541
768965
178680
762793
61229
761740
609444
386299
967071
382481
574388
207697
352003
597003
588975
308407
168342
234866
19181
198138
897344
746735
83916
928989
965851
139123
982642
308014
441722
667321
397429
200757
549825
204091
646974
998411
767630
473212
768786
81343
630950
555946
544534
780694
164255
392577
931583
497617
179351
214024
113844
105903
198105
962261
742025
25702
845745
461994
869337
74220
577104
287139
719767
365488
340359
651619
579828
594172
616419
988663
642455
932553
507453
314118
991686
648011
740786
581423
499356
33473
189867
606286
209892
359503
702186
486219
236758
584079
176886
256795
573997
373067
775778
222380
438861
875555
334610
41400
45684
883465
564632
672752
344638
511901
330762
570418
65417
423740
673931
73389
249270
234519
809447
592755
631639
529198
207625
520634
143021
662782
446436
865971
184508
271034
169057
976222
598290
161300
171868
729344
206190
999368
15985
891741
113256
215067
143308
969638
497975
816773
214698
626207
992784
701875
710256
243948
609199
340625
819282
105626
804272
834308
722250
571177
871169
473593
12163
876775
752777
166257
930206
860054
739856
120051
762121
111399
267440
321932
608080
616899
232963
203149
172586
230226
107461
397138
271100
110146
984684
875790
964035
460423
759758
179256
284123
927496
286436
785091
851311
579303
802858
775631
551096
319869
883447
982117
506324
177398
984303
704986
779461
11164
174290
19845
700571
982295
265313
851914
750105
239625
81481
672283
813382
610571
456509
75817
178970
289921
732395
73684
561778
21508
613763
933932
769201
853419
251853
352869
5950
539273
91087
995244
218273
573654
99659
423728
698544
874800
524894
814223
65566
356808
86664
248122
790932
262402
727582
630912
288316
169401
25223
377935
285703
559368
413304
450766
945567
77491
806894
50875
582594
451114
26081
86714
500250
451521
814323
549123
830554
598554
835467
393590
546077
238230
425692
697289
836724
557459
337012
475776
13770
207007
19784
968909
286039
202766
160893
14289
964081
70145
318179
415287
789595
575106
297722
343803
497569
361581
475512
774789
251242
624879
358938
414639
563068
756816
119811
636281
614542
234411
650280
29081
270797
198170
643880
612509
797017
138861
254367
212190
727208
250987
118399
946430
916835
405098
759386
689521
402248
864966
532354
387197
486320
490097
210571
34263
21420
556221
628581
909994
478789
910229
282095
718121
606135
110419
752582
372815
763808
129049
502176
499099
721139
48729
993778
159732
705783
121398
812969
11093
305304
562788
973157
682501
375473
568335
376077
958472
303077
159784
318681
720636
905108
782858
795796
784635
686082
877426
335168
640138
392145
226668
555728
326266
928527
505362
320999
556357
230563
84559
266311
696211
899952
239859
252875
809525
279388
558395
835812
605211
527269
970977
548256
500645
838391
11318
861739
591713
530554
616344
442700
328860
379168
332066
675097
684916
901884
499451
701732
631807
111003
972926
936787
925515
962322
749474
306840
820103
539070
860027
664364
35699
157451
580714
538434
600776
132055
935136
499064
933908
130021
541427
566692
369136
381799
299113
630552
926035
314810
475432
914800
439035
615475
868725
350449
603817
693929
195909
155259
942262
916016
960457
777914
834434
533902
779098
521353
508102
227495
599211
709194
344518
135005
635235
887271
858599
965994
412106
597432
353821
575024
411290
568364
427976
68859
444480
506475
384294
114680
117478
694757
279282
333583
237384
526887
791843
44835
150515
992324
676658
56700
211924
67647
503727
155887
949334
679410
25303
351664
283130
464533
492438
324373
535023
209025
960351
379038
864220
130105
927956
893435
24616
602599
244498
906741
677555
927174
730531
115513
178603
99986
34066
210683
733231
352501
785179
760178
73198
806673
558381
106350
964975
933326
49696
15575
527028
262298
960086
564019
559674
164895
958593
160220
613004
719497
685488
763905
605465
413590
554873
620699
420992
589878
877840
315472
364750
336017
981404
904933
780094
226564
10802
437387
493571
180530
865303
879530
820172
214819
792457
565373
199585
255498
274906
342043
789252
915249
496906
505107
931754
52501
223519
619889
986501
572617
180072
454248
30454
855248
750582
133928
566790
639901
770139
400509
147266
250868
984036
250265
351027
504341
565434
777168
979856
946449
524282
429807
315834
929633
124081
470870
918942
630664
676277
644641
14081
593563
628789
294866
935032
900227
394215
677271
905845
710247
312600
975347
194203
289839
87085
209444
171892
70797
565624
54032
1717
961245
57803
658300
170579
129156
662141
51361
67007
37004
432496
514691
988452
449272
917349
808392
160620
568778
105953
562124
91881
992758
502850
80204
487422
271250
829075
164472
492297
749519
882568
943957
986420
606460
319988
91600
693947
693090
101801
965147
283633
128903
996315
364325
130170
102477
996436
265506
788474
340744
731128
140305
215786
331506
648682
668800
475372
43631
333870
145053
215064
36164
636945
165180
712647
130355
557843
846732
868957
655261
908987
512136
419007
871230
65203
569902
675789
548507
204017
934633
364934
915397
462640
352161
88838
780610
17062
498741
316952
583728
239585
617729
588559
479120
219779
57203
476973
106552
389234
383066
433080
426430
733883
572829
905897
237289
650548
627424
352288
533877
918487
86269
166364
291765
822997
902298
983128
49781
731910
890027
750636
571366
798550
336332
324754
982842
329669
599143
639570
657067
322509
497379
170630
309004
958660
768581
205092
536503
560971
17365
179262
121521
116268
473840
502673
442953
984878
732268
556532
168014
466804
568574
458532
697343
564507
1577
34578
49405
728135
847791
554038
352976
888449
545639
434565
366538
749963
848461
879164
677811
920048
66864
794137
464888
206656
72349
693468
357512
454000
142173
229395
539329
919183
529905
780096
794662
567022
147232
627548
669819
525546
839829
411019
903882
845518
473402
478850
802889
499946
222752
321123
409533
912914
876484
242845
79606
318682
45678
661230
662655
812371
979286
878118
282506
409246
713463
228003
491102
675857
752203
739810
550237
436419
135263
133430
820983
974318
907497
144476
855166
297677
205441
614386
10433
255731
17230
744198
285539
947808
846285
847899
734059
598632
992715
81041
712159
838277
995368
101310
75633
805039
336947
862336
140319
649862
81597
75714
960038
991142
821911
39253
22045
702254
759961
571522
487861
430554
653716
714101
293991
217623
610150
976853
187570
43349
975754
644969
342140
115323
637167
119212
199420
43706
466028
503693
841179
559826
872891
159384
793453
611249
686030
463897
302385
915523
937866
837133
470659
417547
261718
259623
475824
716325
590862
647373
732984
990150
998130
402370
578506
233030
639758
294887
129187
257947
818191
974736
647224
786036
414958
635513
229375
765430
398161
846370
610448
784315
782148
564587
880070
742899
899410
532188
259009
73437
326176
218366
404879
194589
210718
990752
115960
950050
372960
136615
571794
905322
222649
691032
715886
763703
638420
746873
969970
372535
175315
237087
855391
876840
181548
962432
611306
439408
475911
136732
811746
470158
352200
630316
584354
173467
484517
266801
382484
989429
849077
120656
178065
152693
580013
940441
578208
772093
81938
952894
738591
826427
905852
954703
790062
336467
756722
51544
440301
349853
811981
141416
886061
38895
234091
184619
154534
231846
450141
48021
898621
65796
410605
634024
58265
720222
70818
482374
23696
36006
494096
80352
591475
978674
344176
302583
907739
335390
96065
5423
595272
170030
994941
779962
985838
502892
745123
586829
510605
269170
363798
714634
970136
60511
13049
554866
402307
865274
740530
879095
292238
545979
138754
837407
862668
490591
74608
599527
781176
654993
67693
150989
915094
994017
112192
476244
773352
540930
601880
100480
436874
35261
371659
350895
257376
953188
137553
369295
68623
743292
975383
773449
243444
924208
349072
346352
199401
906616
936272
502067
813226
784948
103145
872868
230146
108293
400831
411112
866867
431176
964416
293321
230386
289393
547092
574368
531874
475648
598237
8141
947704
475283
144906
451171
346591
212952
928765
88628
625318
734784
439846
419229
41806
408675
919638
498003
290865
338456
332301
770459
193812
530395
465623
86252
656006
192530
669860
255910
618579
848486
398682
381903
465755
347675
911375
762479
203255
141170
122436
184194
556100
794419
45202
962732
189573
885084
760587
957784
288090
905304
601674
999376
947957
927628
472826
673723
991575
688553
473204
284240
341700
783544
302221
937296
49870
576632
776527
893733
849995
19727
819983
907312
140815
878465
877788
805973
345300
722252
19640
760104
189332
265472
820741
115685
530917
538116
318909
515805
782985
227865
238534
910385
355263
662853
502844
640435
788872
514527
268999
887296
183297
57445
301146
147270
17431
622175
135114
341394
541304
205420
518761
958125
145093
803434
400708
208711
244182
834237
221254
652083
161359
781928
112694
982902
217248
532806
187946
377789
803360
199503
545006
522603
793082
664774
424309
962162
277520
724528
459773
429174
53167
779270
964255
553209
448803
910625
834676
802810
433755
371801
51356
193472
968447
611867
459658
974617
413163
198643
723337
359424
897733
875937
719187
995046
858329
127246
268501
222711
418400
791070
471827
581303
959448
319584
890893
389401
452870
895220
999270
711148
121215
552830
623128
962141
642729
278435
597333
728756
979400
40531
957974
342487
9024
439804
407878
99823
567932
158767
922407
122342
625394
512182
326380
845141
179072
228387
96345
440629
625095
342576
201202
389973
10138
121539
861781
369564
767011
596366
265459
467978
142047
674352
275458
244758
909605
463590
375983
964164
766562
135444
559519
426374
855326
613006
675940
294435
272989
914165
667311
225725
81873
5378
128796
814549
490525
578874
633186
314632
269653
644447
921119
569501
213686
592092
189058
958706
848263
135064
175445
466425
593775
532163
677306
714335
709925
718657
81126
325122
660278
194675
165325
344343
132363
435609
886252
88109
460614
442939
712611
356706
915341
194685
379578
694306
565994
445941
820632
354689
368662
750125
151827
379033
637872
39394
25899
665522
152110
309771
922065
523176
767478
104590
515788
76433
448369
479705
506344
365929
521716
755318
725220
638266
961581
837297
932927
755109
628135
659539
238553
656195
871615
994591
984613
869865
656255
167043
627520
753550
535734
576868
266497
653364
283298
254373
323906
490379
740124
882641
608385
488178
394647
201141
266135
299078
117881
575029
570177
452434
318852
883778
451829
244485
357347
279676
794645
517308
253469
406848
174785
42131
184075
746377
549289
683647
104267
166237
250393
455067
184032
257330
682023
644205
450344
751630
119465
558227
993062
730478
105999
590696
355295
120753
493098
824454
133288
843016
752878
388362
103997
151949
34441
593482
533866
221309
572306
950126
967570
849009
285080
744280
891462
991937
331077
468264
374010
585570
937480
961560
733248
476954
162942
799999
243757
336766
895556
69759
897660
14215
81250
921737
645402
3378
659688
93906
208934
709972
5329
468914
719882
374116
866121
304019
878382
969597
793207
694581
744525
421073
737686
691283
799240
621031
722019
674696
983019
594625
340350
400574
639912
932355
516478
69198
727825
530720
24202
890871
341892
752966
340916
285102
291443
160635
734168
992458
917877
275582
469101
851836
493800
840694
277534
588762
318310
848038
306957
854919
720035
841073
213122
133089
555609
675782
960362
894593
796609
228237
785951
871593
230238
916198
658754
210855
63732
231264
628873
219027
703874
405121
158967
50043
819252
786405
756221
245448
503798
889729
981354
220619
174091
464893
736585
783174
454633
744567
34083
355033
352153
359040
64603
860743
462189
586292
919042
447563
775792
213292
764029
6581
528717
841728
611270
312639
205616
176220
979147
288977
546184
346107
140207
607066
158697
282734
696613
593454
41993
613926
251614
959515
46474
979460
344396
954414
632326
511624
867787
578638
343460
673642
416987
98576
8945
962249
959522
284656
542396
664254
714724
269886
312793
364419
339408
997735
723727
148864
860101
411521
109522
143231
160674
919832
550336
456891
803412
149024
908525
157314
346321
232790
554256
828966
520211
6754
760287
148495
635432
990109
156062
683251
589422
476069
222918
738271
878948
781559
4851
238699
705585
32718
195891
760154
27888
113030
196289
370433
393098
516671
519421
797662
939145
626470
927799
304898
472291
392248
144722
829758
796112
195784
109866
939494
682778
361724
267045
731664
520363
319732
834772
311771
881218
79105
910577
754671
974772
779143
937465
975140
146503
100575
795042
652068
47963
764866
813626
689193
122023
340436
74388
740475
358738
796352
727125
659534
182966
374187
744374
812767
224897
854498
248636
802755
315322
225890
32296
488104
634069
538655
16052
172146
104977
593581
631367
426549
295226
188662
260965
89673
140904
642366
27469
755536
870291
835632
90913
11645
668520
789899
543366
823743
924107
943353
279704
424472
418586
77619
471654
91048
619258
726257
398902
670563
986747
118025
283399
107258
327724
98370
982449
646402
565965
963491
90790
421050
630546
317692
892010
915689
880547
171967
607051
342431
365733
944273
237570
238438
541232
701194
775154
815573
360813
85573
329354
524751
27927
45615
491225
835216
237312
423215
261860
437706
714885
295596
422941
107033
207051
60942
175920
476460
450835
189753
553603
746766
569848
305401
373882
142422
453669
525043
489090
646124
600057
166051
815533
279603
251158
534388
305786
224887
346600
553246
399635
331582
601354
348973
217352
361027
553370
238072
196965
856110
89791
380078
968505
401145
841775
614695
559814
308811
759116
115180
789847
576317
168244
479135
367523
25829
67776
206929
622253
837147
496413
541484
498549
152277
956472
22221
726295
195833
623644
322873
318071
632351
273089
107496
496633
869340
867834
291477
629355
118248
671053
2072
208000
111140
68464
765851
18864
301511
967484
842424
796116
712717
535483
114355
605319
757518
361859
411803
592401
571801
612759
848521
226152
249542
700525
257007
219405
390872
743290
223181
731354
444920
208190
584839
271314
363631
224610
245750
17137
371687
740490
423168
838382
955905
906582
473631
949595
292710
719507
24586
657417
431423
910539
118884
875671
235233
909786
876105
950227
924096
687006
932987
323175
243605
206503
426184
717878
5142
895065
778134
945571
714316
233834
668717
923157
369325
864843
732986
866815
898634
351756
743489
655499
370671
675100
883800
31991
675403
974249
215802
989700
278746
498356
986218
889480
749739
716464
496640
538354
18217
211366
275217
722958
151301
766101
61417
906839
364351
577522
218844
206006
301051
423257
801925
353036
736363
2381
745237
999979
959408
471692
691485
143641
738244
5093
67993
878762
344176
123368
115271
21249
925461
845308
621190
474406
861828
219425
990998
445671
858358
142219
31370
575740
775853
873707
6920
356611
362238
338734
658785
648855
772222
934339
953639
351488
688833
75116
655439
438373
756705
149516
358464
89624
431573
573561
253171
337066
196608
558192
332172
701765
533269
586246
953947
751039
762479
954
497104
867746
863655
143420
877456
929921
136372
302058
134460
7179
624063
794789
15261
336711
396975
456979
857821
319443
283244
179648
622643
1223
506706
340052
653886
55581
75315
360667
546913
854250
53706
911063
858804
12027
119420
32892
3198
524616
781228
432756
963032
178642
229149
935022
330767
927645
370074
154814
566902
386975
524957
844197
659338
255880
901865
193341
449081
832316
587763
708055
431618
570836
141506
209049
164505
350445
511181
147995
848556
493505
919072
955272
371756
513208
736631
438628
605650
574425
305556
920711
511171
934701
276710
137950
515450
546513
1228
127471
541089
345048
718810
580884
658557
406765
193920
650182
666339
117592
401821
262958
553862
266931
984899
33627
261772
966118
90142
975950
958285
75733
869545
878652
970899
24746
395791
501942
621059
967510
429011
800026
173903
884667
418286
333280
408123
140185
767414
844087
480850
640584
568384
705392
176407
923743
659784
265918
248806
2736
50580
373776
389680
433837
644559
144518
912358
15396
468991
334203
514813
379214
246809
524981
976945
666480
763974
270126
267631
245112
764756
292694
55601
778342
782562
699943
615384
847557
953820
913022
175422
658672
13469
445091
428281
923199
815175
219712
577810
689790
936730
302995
461247
869199
451540
438209
82328
320695
987827
447133
150922
223077
293823
613727
731
361642
838076
131757
556871
362553
813159
103887
74334
804352
10847
301465
100080
222720
449730
59478
569635
114797
979262
108428
219763
352164
876601
308566
555887
309288
621791
957049
882235
609819
944507
970517
778709
764839
863723
177720
544067
363057
556018
617801
829924
428625
200098
506705
265626
159253
284135
266101
748731
139605
189648
350529
919195
898133
139814
769917
244202
534852
438709
57589
799656
128267
513556
77751
9522
530460
253736
192593
994424
384483
675608
26812
571356
641968
580252
959617
851005
832176
917442
450602
290107
834765
655332
836607
522298
863448
848913
71951
161900
502531
423520
276957
166087
327766
435249
66692
169673
441218
837753
718895
119697
859586
817644
109419
806914
10457
829880
656945
49207
139116
90314
679000
377950
97723
343001
371631
135770
751594
670529
538694
265394
444613
619198
375009
673949
826642
188650
894928
140537
393701
229317
698664
720889
939609
445149
424268
345138
712068
427643
543728
78715
134646
625031
415862
473702
153884
275815
901277
158405
171594
626731
718107
139915
365975
814642
890428
689935
487138
895460
98487
355692
319803
323314
913535
116837
592983
94585
506631
835824
615040
938178
529975
779499
423490
840156
279780
872422
105578
940128
132605
326156
265887
956004
838774
541813
775103
117359
374943
534857
626894
535696
289933
184713
783938
416
470453
810621
981196
403803
229389
914460
668155
416212
651257
884378
763422
54603
102035
682367
876494
881716
11236
649646
855158
355472
527630
494469
421905
733407
102198
835224
828426
553511
537925
703175
556588
91000
94415
461744
104758
366574
278958
632712
713391
503039
853119
664063
620497
954511
95224
566834
555639
168455
610583
374684
845166
602106
650167
915846
818664
681210
513721
370112
331913
51510
392260
842959
592659
669643
84392
28694
768517
154412
46983
652018
970804
33020
541279
393441
864408
161314
627395
984675
196359
669727
113555
868224
751041
592210
434779
779444
962440
920390
741182
971453
169048
965385
437531
925632
761618
86289
405160
335783
739448
176889
358397
445983
564092
371608
345880
89475
940112
405095
235035
501579
603681
227576
52647
634489
454309
24948
576005
872433
590460
812087
67179
654100
475542
981498
4462
770284
411123
153175
178074
774520
767517
121304
470368
408272
406449
568070
509691
698098
282559
586175
338960
570141
671810
879826
846159
556901
769203
70983
624962
917356
394691
489105
159097
736377
240723
773003
771553
672167
304618
994427
998243
474469
674729
186091
398124
508197
260326
806471
605634
875692
692357
116774
267432
820252
384785
695027
36320
571759
11493
89337
17143
46788
496935
91619
144099
621655
440103
35008
694672
872481
773691
4813
282489
1409
247261
267407
645150
978410
253088
801955
806996
352384
928435
678705
745229
507196
521064
423606
294459
718507
262368
920024
175351
295890
101285
329314
650421
768674
744788
126079
88203
195981
531664
642711
417664
927733
756452
432092
82362
484440
603268
279465
914038
320186
27036
883365
489082
959828
290460
466698
83670
812810
20511
651237
728223
56776
347470
481229
306624
661843
636249
441715
768497
627749
374086
792203
665498
876918
502089
779162
821863
633972
34457
134541
30349
691099
441274
217450
194705
745578
915742
289401
950442
378563
380620
971538
378504
815185
585900
686670
34597
533723
492452
866768
748336
213516
723081
218227
516899
366379
76264
264049
742000
434562
743253
824050
90954
953296
994102
659978
83948
953185
729343
375805
335002
657814
413480
894523
929847
256558
330574
119561
712513
655768
306845
273070
753516
307393
107695
456429
56661
906052
267605
662036
891158
111738
833680
630199
919558
579587
700034
805641
889712
764116
294868
592902
600414
924804
618765
748547
278509
514825
735431
212928
573941
870124
931410
292586
593048
818532
717698
571887
375470
998921
169276
810503
758490
12892
528741
342258
164592
976080
402438
99535
328316
60565
868694
95501
851628
669527
645385
275743
984327
296332
763635
258703
120583
995378
937577
70885
753636
2547
704325
828568
297910
891049
397769
286622
341488
397784
356434
607727
481606
182400
15295
773219
26951
908334
451049
533276
510345
143717
196797
193478
729929
241708
602001
435226
935046
301777
60534
426351
556676
428867
739043
613895
110527
582266
68083
345543
518648
792214
597351
713458
978992
591486
761889
356782
555977
988920
561487
720850
866492
729874
53522
340985
704012
909831
69626
279802
6172
697961
970833
13025
619869
566438
639103
56901
726614
856638
535830
598884
363432
376016
528186
762650
861029
63980
768897
284382
21010
15129
318041
930847
435977
815626
872988
15362
410793
387327
551049
530643
13326
116315
362830
146797
384851
472032
763572
493057
851459
916727
50532
557685
377254
482658
8551
83970
231436
845928
736339
865642
273502
148850
509026
284292
162760
207778
568677
392146
404358
892574
832506
941854
503323
518235
187493
949462
93181
646267
387656
384364
495116
835504
232840
332093
806948
202922
865692
487402
687376
288120
864664
969403
719098
951446
681874
772274
253730
770662
219976
276214
326687
491284
787496
619168
774052
562165
877511
786235
70790
673667
92772
568193
680912
378443
751049
600310
812053
926021
975672
745442
338656
615066
319065
374493
940361
287256
961527
739974
104169
607095
127765
159626
243427
413171
108649
380599
213654
846715
563612
740530
733520
372218
257616
539754
228358
219904
319859
879883
146791
891694
855122
43297
618535
3000
559328
890750
886847
660249
704579
98483
49622
68272
778772
266911
695039
544580
98382
926503
605286
313841
935419
821196
963935
445292
647123
174845
32898
746712
809395
671020
319704
633665
756943
901986
777046
882881
198797
780242
601579
793620
470502
292607
311286
456278
609274
591959
945208
170141
332802
524855
958798
469042
139603
68820
78362
765890
16543
249585
239696
719972
332655
806162
835525
375848
106790
199214
557403
58668
845226
427122
396653
759697
941777
265474
281845
153856
582889
12612
147589
955678
848330
184875
758636
221102
824294
80273
742345
109171
616254
773250
113011
54713
212382
428992
856984
168110
331259
160113
168788
663109
884410
807411
869928
16601
551444
327000
417490
479883
131797
546113
634453
99052
244068
547107
598781
833948
276224
631581
797053
101142
243622
548029
164206
875727
292175
12131
490962
816540
310579
220448
162129
608747
821743
765962
392431
894406
952499
155829
841821
826045
898945
854041
196947
930736
222457
76143
217203
809464
540579
731655
254227
853990
700088
178126
979464
78117
881183
810514
757083
606994
152524
79548
296796
817785
744374
923620
72191
590169
990446
793233
464053
533607
614931
590361
443430
919983
788967
616111
46685
543427
75516
806335
946425
761805
930684
112570
914510
111543
996030
276665
454163
318836
423683
384353
743233
134390
432796
241914
533573
29686
439677
737774
509498
535265
534978
4490
585771
436391
292409
319829
628780
454630
699695
432239
613005
357053
889585
564588
272167
185428
56840
460683
402485
144669
782388
611503
427783
55278
255999
911
375096
227671
141625
161574
440313
284690
600939
809797
335936
738198
621722
456587
776238
599378
43604
915546
1020
223446
928972
361007
726207
66978
958225
907057
152720
273152
358523
971680
343172
693947
38250
914238
463372
106005
330337
487898
956303
431791
336750
513640
963596
68090
40610
139087
904129
194366
505015
530918
605688
730213
802692
865143
316162
471189
146054
499093
346411
528545
443062
88058
809234
986878
205812
870314
675621
50720
266621
189085
8439
379539
842825
54270
524496
552667
836975
199564
829888
213106
769960
143218
301777
812579
898744
250177
560162
70399
989652
643961
375509
20037
867543
622677
519354
112357
880229
405338
809405
227610
556103
887065
906639
747497
276142
565788
133031
509912
769925
132331
457127
825307
555711
549835
396196
426371
875638
66718
346331
838623
605749
267196
940037
927211
654303
140561
201073
653677
985112
497649
395271
83029
837064
665271
72012
579338
511991
660496
546495
863362
906315
936952
427887
168780
302636
412041
846030
898379
362968
257130
884503
933198
606482
876606
841219
885300
71158
192893
999680
454716
748314
288113
88819
461493
864774
780273
900563
901283
896532
13049
27108
762672
65197
98629
878239
577753
406901
926025
758449
638753
848954
370989
859924
647312
19439
959749
949997
960526
497958
297031
360474
744622
865843
125254
78099
24860
563321
831252
79681
528382
454912
12128
634961
277902
395815
947089
50265
192874
758491
850714
410026
407259
186427
764946
837603
578210
933066
165225
880540
279845
739503
214361
779718
611705
891745
26599
269985
493844
28466
517056
877530
730863
658370
814263
374920
227987
761524
420032
587960
518412
710092
389334
181410
493483
746714
939651
516597
333694
815197
45046
545991
552492
519488
839122
221403
31778
869591
40543
91611
440386
324861
984625
599591
50591
738252
893454
77643
389825
8152
648044
781378
438474
93355
535897
363822
836004
934596
606043
883120
120089
242290
313178
5665
300430
959658
597316
607224
865616
55615
804343
377796
524692
631820
510425
61367
722555
726861
801724
673148
864676
642512
937932
754530
661903
637246
980280
34590
413458
395748
617456
31590
868343
650444
583047
472873
758047
536497
404953
794782
957492
438472
438014
292903
666804
562170
428183
932959
803073
545620
330437
170874
243564
63488
956727
765560
900350
684759
538421
234404
260135
806262
937233
32290
62710
572328
282364
86120
21290
775274
612851
86144
602114
297968
23024
269936
58781
569830
452139
796945
214731
744617
13394
316558
671951
173824
594077
753999
315419
598056
960621
110847
667622
794439
262010
539390
646544
191210
163979
660729
597362
32093
908746
346443
993388
962866
735339
508192
81737
410489
990788
367207
826400
928435
865197
758933
322995
95950
846780
830997
709671
752045
693579
555949
244246
999362
930400
976925
279137
238073
534004
325734
272252
998544
996164
414334
111594
76053
611882
698963
99219
628824
674371
589140
410404
49614
546779
494255
437866
888526
256173
617194
121440
699400
815909
683487
563488
239917
213548
760869
414171
286732
268679
438911
501534
496951
958486
464637
711461
574785
748023
692882
962627
663860
691725
696259
986551
164514
381483
359078
540140
256873
32561
780168
551901
950528
753323
571735
547607
108108
300924
305816
633992
622028
897717
937688
757886
546472
919645
517482
407918
829713
975276
773598
969261
668465
980701
572002
20203
195609
284221
355236
942605
546880
719445
270531
562205
37182
665119
285681
746508
809722
787183
645762
39044
221121
975927
254119
499613
389316
600987
522503
536798
778865
611557
28859
269858
753546
547029
295001
532688
862891
742560
345954
144988
263207
734760
243527
172657
21329
155
124236
925062
7869
598257
222613
367606
327815
628635
996192
851655
621431
298726
857831
945399
962160
981316
245174
139715
266813
280905
584696
849159
987774
915402
730130
812912
973814
411447
443736
611650
174354
437986
567391
611296
480365
972791
673737
445104
708135
612173
689576
577714
510520
640362
917257
754473
5058
453824
337825
411874
164092
936492
97056
800078
482243
224098
531671
516891
454128
873749
344475
516197
662547
66129
784585
355816
276568
595697
589402
454371
972850
898919
777943
576344
837032
738648
11966
817929
689759
465025
17906
254613
183070
667934
671693
785359
15591
520449
38465
213876
247339
9157
351310
974578
641955
561489
686792
751053
189749
638284
699384
457130
448916
82909
910047
815855
246002
528202
371696
75025
236470
319334
808195
408509
488558
558389
534215
30190
661470
431538
365074
649924
104961
220186
245522
821144
672885
384626
151187
105053
585633
20627
327729
636383
512644
550006
65726
787395
521401
565669
239231
612922
915301
722034
940419
373093
970335
384135
381652
501660
489148
383707
451183
334195
423451
740120
18200
182145
6671
638945
452778
961735
216676
464364
939129
11005
115315
979485
179770
870854
504153
177519
430107
693888
337754
247498
749560
359671
954731
797981
181459
34066
130043
898326
423868
272590
460815
993650
817591
288409
109753
440897
386781
888006
182898
889071
733751
431029
807226
238203
315575
948569
113542
493700
637164
332007
439131
902073
351520
169022
466102
824692
347995
631468
289942
771385
666895
332507
796782
812201
212111
213628
920184
14816
918556
875440
168110
633769
46539
671406
106056
833666
411527
393352
46637
760677
947515
718735
933155
865715
129358
169973
113666
91918
934080
398179
290976
569095
491216
861655
278910
224112
583722
372572
827081
422931
9213
31153
218773
42882
261954
965219
766794
206219
610374
188470
31470
321958
179652
968793
846703
32743
362390
962728
440767
132654
565684
504556
710511
846563
174782
570635
947229
886918
454050
7946
224832
935279
686392
468628
575272
243609
555088
146965
428419
45324
373322
941605
376291
97561
732180
806292
343416
377121
529914
685827
801747
281998
240439
668703
44320
43224
162206
714161
414235
524880
470036
832009
821063
894669
335371
939024
616017
688842
360029
321777
828060
224638
877028
831955
900358
383555
589258
114088
780584
558979
973286
2889
691061
790002
722201
493648
435803
318540
397073
159238
425460
821069
52368
217581
943890
870641
693021
670265
123750
885459
752925
218198
400639
735861
760729
662637
57879
398497
22700
255574
628678
118941
788586
917873
870649
254684
819429
75810
266084
936421
195616
986507
695811
16969
795581
949347
773504
940258
680056
645104
70599
495853
85424
642033
167324
787189
978843
568729
788927
509929
914953
672384
886145
172312
669137
234283
335893
740608
556132
576713
227961
672692
509371
972586
58317
318087
725377
559427
894349
188509
802060
837414
308624
380671
579087
98203
500685
23303
922682
551170
243094
15633
803474
591967
738478
981663
543213
191666
786500
274099
136693
217113
315760
358251
549246
52107
559649
951302
354022
562775
894757
430013
578549
667370
960411
506346
847887
848705
654638
886726
480268
513081
248933
737828
525894
207639
65450
651569
268809
600775
477476
81171
111006
143446
640064
481222
808942
62947
871704
152134
9407
791432
395890
739572
156889
780934
971049
824243
520098
809445
630258
182991
762711
885215
332757
899980
700596
224096
935542
47112
959309
593398
499312
708999
982261
819371
562676
540737
685803
765289
303072
892716
778481
61741
365026
143135
59000
976639
626326
519597
648465
640402
890484
501531
266994
899828
166210
477805
575474
633901
245096
832478
402232
151283
176076
505660
569399
176803
314579
120106
949747
343748
331907
486943
366885
146606
234005
529705
48844
592956
589416
47327
980811
53394
759250
503269
808526
5227
7490
615314
248429
430702
656603
399081
587456
277739
996697
251890
478409
223006
542510
431127
212841
917867
781376
462591
404110
858500
24652
203771
725022
260878
829181
523578
212373
52837
393381
271718
641324
885789
183006
291138
273912
892548
582827
658156
530622
39150
780204
725010
90618
797828
330135
111498
936701
237558
723903
487766
943064
994567
896768
604276
933946
80805
719392
115304
412488
289369
981543
110110
221561
978951
557460
945610
522142
534911
398258
968061
977826
262503
684789
229983
218432
846974
569676
702305
275040
66537
15004
713709
576253
234998
667482
238315
156321
817838
73916
610583
594010
554054
627370
568394
751721
715408
789914
782202
511066
983351
902046
950898
150270
427175
847730
458251
519053
622565
691848
512361
518998
607098
560605
991502
302229
546360
281818
884373
442001
787806
28369
506979
83399
106031
70447
251993
249693
309071
982344
628591
195789
541275
772313
424650
167164
743160
325915
974994
691219
440436
42193
87235
111735
110164
570294
478934
94195
411516
703971
860230
539812
514132
302332
985928
353495
494049
654912
494107
489143
345642
634249
72643
763275
183445
397147
353174
133424
106949
644283
255665
411662
665069
777361
955840
417828
678582
92958
450983
282160
582587
908124
236970
524316
113759
221046
309629
929082
607525
994906
144794
474876
790839
264601
209900
829061
972170
708496
782842
692250
277747
455221
211594
906092
929785
411530
37261
832271
624714
525921
366211
772917
486106
459484
866795
878579
36139
141783
204661
952610
877439
694736
122209
89037
669549
6525
688538
64587
720211
960141
589715
844438
761527
94737
477730
379388
686444
578460
494413
169183
109887
361217
294862
331633
351993
196866
310914
233292
317811
282053
177810
229899
723526
568013
149394
584376
889023
564118
507570
204389
512991
821688
742365
213810
699975
494196
160780
360376
332205
275223
365487
443678
332499
309849
698726
667148
129720
368627
943331
477700
139032
930158
903915
867925
20585
477190
141839
531279
326319
676473
459483
874255
350819
732060
471154
168735
211903
807976
304957
60638
540037
617738
87964
504026
394352
36414
946970
970217
683984
470085
651801
721161
625862
219733
55286
935342
466440
88929
453473
25053
274497
229878
564381
22282
633204
15040
530068
620893
332306
517765
852256
229711
513195
587339
389761
810529
569973
660104
624033
950940
55588
973911
37674
918764
563686
925820
704492
445835
117327
138503
860353
849081
791605
686276
142947
687097
613510
386000
683742
607108
252937
883759
516471
359326
700826
611629
376700
680677
362663
272596
350935
979822
547577
180821
853959
228414
342236
331339
873747
154355
710536
278798
790629
78178
329764
628104
747144
337958
804455
868463
651241
933516
813006
135381
681773
232838
43115
331153
262528
246498
832440
805003
345105
912027
830916
782276
785937
505212
225590
941186
659929
338046
414267
910650
778812
182617
995875
345742
219669
243029
613559
315977
280066
818412
937244
749780
521222
465988
470513
169168
926504
589210
156194
203850
69274
479639
201449
583198
355325
27835
486140
790730
896951
624720
917423
984844
496475
105409
530802
832838
797401
501587
262327
364589
405640
266387
424567
263475
73111
553086
795987
396502
704811
931195
536574
100385
925847
448958
403650
733396
807229
380446
431670
920496
834553
621241
301198
453445
601414
971023
97224
673770
843240
325469
634415
678510
275787
911154
574150
495072
529661
105576
905492
737830
490710
670411
90686
65976
252710
552880
950022
617640
899036
598004
183191
616204
844590
148498
960440
921240
308540
345162
920786
418958
797607
209182
746142
654604
777971
951049
489307
62253
648557
904949
499980
694034
486956
699600
294413
447581
530517
540555
782771
299507
71864
66483
416015
289645
562217
643336
3203
182608
903036
757214
950862
520321
778717
56656
302949
297315
25214
899606
939467
249755
238018
968774
767026
3678
248676
176734
763999
449262
626591
955830
563687
369804
841810
423171
840002
889746
729410
973641
125155
257834
321262
793449
730354
679297
329021
237147
451215
51667
577824
637552
252369
5878
33081
226988
193996
467410
271695
233144
971731
196741
522016
862355
69269
418621
393513
720294
747182
384835
570738
363365
407374
619390
986017
160101
646174
394150
446036
161508
517317
424442
19461
426246
147378
426943
588698
722230
554284
589894
912242
745145
550775
980790
840635
291239
651543
523821
146904
748056
632300
668590
714374
72657
19461
736445
963203
778144
392137
462595
125944
621228
442434
916380
216079
459344
923137
721074
612337
349871
138251
872790
79076
164395
869741
684439
668143
