787064
515542
418482
332040
97685
577434
131549
130830
72076
473764
274576
280964
242656
979023
465498
609516
557718
306363
725096
266732
569563
139647
921468
439228
138418
800207
150541
835770
805407
71029
691726
871201
147573
639640
130809
895631
159098
196262
284462
152586
395573
667099
677005
509657
716178
44993
175453
886828
680800
516410
459736
891717
654586
279243
650190
234680
180229
75987
131525
771781
408139
797153
765681
1963
278788
437071
849177
181477
46404
157897
984537
568526
849721
551062
267422
296293
287965
143207
661410
168959
432343
214262
155299
742536
179240
943772
148829
509111
889249
717190
929543
996321
31838
715105
148354
676443
396429
5086
677219
590892
186276
949201
787501
270953
428285
110259
227498
27599
803228
233173
452503
581983
788198
275107
382715
229521
306560
55289
830500
254217
672943
673911
653884
41386
993159
139075
76509
272349
696234
526574
190792
93233
955332
479391
475507
788718
245308
42584
825326
721060
379453
530883
314838
565886
529399
872296
614754
936707
267720
680401
106373
580063
860494
84535
573759
877752
555765
400698
43471
82207
956297
230253
444486
949711
940944
690115
734840
558167
156004
839617
423695
716222
712415
873437
766069
387330
78351
615559
531964
931584
522235
30181
101439
566179
390795
606489
197810
267450
793844
657185
981547
242511
465765
695460
520052
641481
412725
618082
234971
288733
188997
169593
919409
277641
576792
586703
751337
476251
594085
219701
454977
757578
723424
845757
284693
64062
254177
37806
847357
757468
39894
722460
494276
725588
729822
560666
798053
527236
424306
206475
226464
789774
543451
163943
874353
783498
239966
526267
164660
508153
892517
391394
528515
215037
474686
753899
363767
419858
753566
806836
947097
358910
761390
996008
884200
898144
804754
591893
234724
657515
132779
183856
556408
790321
462799
75818
322139
134940
563777
966758
367190
47865
993217
844776
66113
170900
447749
188117
808176
832825
371167
22714
866918
485652
362215
20088
45598
828517
519083
94400
30643
530071
328401
735515
661327
348951
270458
568929
141410
388765
307557
140618
824441
244666
760480
519425
343750
471485
72749
461481
656113
558247
127059
313038
24589
260957
542188
576908
368323
336327
574848
24683
549325
966448
61984
429472
462404
313258
153815
287273
681515
870064
347603
111965
208854
981332
888767
772008
929506
661
399248
992542
137841
142852
566973
794607
584368
254552
616416
243980
403419
310372
652175
315745
482769
656394
334066
932325
890123
220517
488158
509920
561099
710190
592484
732670
778048
445328
75000
291264
238947
839097
872838
668441
386555
697510
351013
815060
442552
395578
610307
807002
368843
955686
155623
191768
351000
128740
356458
939310
685974
570717
250506
401207
482972
560165
963323
687818
987617
805133
917626
389903
477387
361797
936665
685362
39875
328729
290193
760759
918736
958957
486843
145120
43114
92986
467167
492772
470398
127418
232368
15714
241205
362077
638836
991514
124499
182122
288630
944109
226314
541894
668943
300467
59629
121082
412251
80579
878468
117609
684254
474477
653543
918237
658026
794763
650497
472924
539642
813335
323618
605429
111156
6652
569129
233137
292784
682487
685529
266395
246121
651614
396189
562095
961707
363013
464526
951374
307435
318750
440788
443098
977337
5997
460613
800191
943979
411220
87489
686744
864882
893427
933888
69305
36526
238788
259165
317309
48414
920018
467681
504558
227572
243120
540144
318459
451461
263953
589980
246779
936244
657649
155297
73223
208120
394644
864894
483791
787095
347736
988304
777433
956085
906658
454414
240320
325601
729656
899282
883790
973730
272149
364587
378050
949904
865164
41228
496977
768790
58421
814449
934947
725510
764468
399833
861226
330575
946493
961873
411220
304523
219570
50703
19936
500050
211519
834650
904461
801572
168612
428821
695218
691510
336768
948128
2899
192920
567432
875864
278689
164659
382986
899755
526407
972682
113114
970831
124845
960945
711164
380981
616935
12143
283798
15488
230927
739895
215162
226068
172183
427255
386272
127990
645671
377288
558476
222606
940500
459731
41432
262035
275412
173903
461829
770713
236451
341348
827164
307647
66800
814744
19837
434479
137970
217436
562735
111852
383262
599165
770802
393758
7814
987857
52244
769292
653949
181781
832827
820239
633765
513913
133248
694685
841160
876219
161013
192033
22802
211943
995820
830179
448990
943235
409077
353283
153209
876432
721313
798580
217175
559268
175404
229003
331652
344944
317129
999824
912892
253958
580056
919814
583338
410739
639322
13553
327429
625522
955778
544642
153392
797562
659166
387366
549780
47074
622899
333329
959400
605357
215908
133765
901897
285046
320732
634899
767285
673679
441983
772754
259249
100251
813927
792129
151621
284338
976572
508295
194307
444816
690102
71664
645649
817753
517645
640985
92530
827539
290870
356695
841376
118117
235282
353556
48422
335426
826656
687057
574331
361939
940458
134657
152768
775889
908257
890
876983
989013
958934
208400
213095
837653
562611
947338
685422
888408
35968
229854
798106
879050
449794
745658
464355
918369
200235
375395
802925
109638
678502
239245
487154
426788
283222
450122
371500
678815
99137
226021
38140
690737
557055
350908
394057
187345
114739
837001
672128
976386
746602
556828
753648
348665
581643
222999
890647
936344
257042
872439
299396
529672
596578
483926
686531
159868
356075
131525
462304
793490
297700
892854
819220
418568
585368
334023
840368
134600
859118
550712
132084
96923
172308
913757
303761
152976
576037
702691
62075
102682
696229
643130
681573
423971
972567
561686
522639
463831
815551
406052
367598
763860
454759
880145
950339
781876
533869
228577
823508
370782
423945
59644
866745
271970
555196
158317
97472
895270
448140
114124
500506
220325
678449
208163
722091
474114
215828
310513
945797
613477
753440
847457
974728
200384
325957
210349
972445
786078
229390
93369
105441
734625
692019
477233
419016
385875
714310
811352
730544
220708
82254
607999
535329
969291
258017
4856
950298
892371
675554
950415
47099
206302
34523
70873
205439
221350
827521
470547
34478
737922
899016
228679
804240
738692
603873
516505
973375
865110
927577
386710
776704
536212
822264
382837
841190
851791
908769
146905
198628
143381
851371
249143
908415
175996
966678
259750
269333
445186
388142
72338
137924
406179
725445
313656
232266
847291
851077
793391
506289
883615
953354
196048
852861
825760
784499
534385
536337
449889
738507
580799
41440
222665
262532
572111
359385
722780
953928
759196
507189
563447
249004
699915
659328
440632
650273
949030
666636
887656
98428
250412
196492
240036
887558
184842
623424
389082
668331
79844
700212
337038
36401
95298
828782
703327
427159
144612
927000
138328
522251
88797
19692
466973
522531
289804
727622
707975
247899
141338
21622
984298
518338
540724
500173
671482
494133
933934
165664
326972
262324
430231
621541
635345
190992
544305
556708
390855
252820
310685
665634
679377
790920
318472
176094
